436460
436598
436599
436600
436601
436602
436603
436604
436605
436819
436820
436821
436822
436823
436824
437044
437633
437653
437657
437837
437839
437931
437932
437935
437940
437941
437942
437944
437947
437948
437955
437958
437962
437971
437973
437987
438184
438189
438190
438196
438205
438325
438326
438327
438328
438330
438334
438335
438337
438339
438342
438343
438417
438421
438423
438426
438428
438437
438443
438460
438465
438475
438478
438520
438762
438763
438764
438765
438772
438776
438777
438779
438780
438781
438783
439008
439019
439021
439023
439032
439034
439035
439038
439041
439043
439044
439047
439086
439248
439249
439255
439262
439263
439265
439268
439273
439276
439286
439287
439292
439306
439307
439309
439311
439312
439313
439314
439315
439316
439318
439342
439437
439455
439463
439464
439465
439523
439524
439525
439669
439688
439723
439741
439743
439803
439807
439829
439920
439975
440043
440048
440118
440123
440124
440126
440127
440129
440149
440154
440253
440255
440278
440285
440287
440290
440307
440331
440412
440415
440419
440590
440736
440739
440749
440918
440924
441090
441182
441367
441424
441426
441489
441490
441495
441498
441499
441515
441520
441521
441525
441655
441678
441686
441735
441740
441745
441746
441756
441764
441765
441948
442801
442803
442807
442810
442815
442816
442819
442820
442821
443183
443190
443200
443207
443212
443216
443217
443222
443449
443450
443451
443454
443459
443463
443642
443646
443654
443655
443659
443660
444404
444407
444408
444414
444422
444427
444491
444492
444498
444506
444548
444549
444551
444552
444554
444555
444556
444647
444648
444661
444666
444774
444796
444811
444861
444959
444962
445021
445023
445057
445062
445079
445080
445081
445195
445304
445329
445570
445997
446005
446008
446036
446085
446088
446089
446097
446098
446382
446384
446387
446399
446400
446401
446402
446404
446406
446432
446441
446444
446614
446864
446869
446877
446897
446954
446966
447008
447058
447060
447098
447124
447125
447130
447226
447228
447233
447258
447265
447270
447276
447886
447900
447915
448324
448331
448378
448387
448389
448480
448484
448561
448562
448621
448680
448687
448733
448777
448794
448804
448837
448866
448885
448889
448896
448898
448904
448908
448909
448918
449289
449303
449315
449611
449613
449614
449791
449884
449885
449903
449906
449909
449911
449913
449914
449919
449926
449930
450075
450078
450079
450081
450082
450086
450090
450186
450223
450337
450339
450370
451317
451318
451322
451323
451324
451325
451336
451341
451377
451380
451381
451834
451859
451868
451869
452011
452252
452255
452256
452259
452264
452269
452271
452276
452278
452281
452282
452285
452286
452292
452301
452308
452317
452323
452796
452857
452865
452988
453097
453184
453369
453371
453372
453374
453377
453378
453495
453498
453503
453530
453720
453721
453723
453724
453725
453728
453729
453733
453735
453736
453738
453739
453741
453742
453744
453745
453747
453748
453750
453762
453765
453767
453769
453813
453816
453821
454047
454048
454049
454050
454053
454059
454061
454064
454067
454070
454082
454102
454108
454141
454685
454720
454811
454825
454845
454846
454848
454872
454886
454941
454956
454959
454961
454966
455061
455078
455186
455188
455189
455193
455194
455449
455454
455459
455530
455531
455532
455535
455540
455541
455544
455554
455555
455557
455559
455560
455621
455722
455723
455781
455783
455784
455790
455814
455883
455890
455891
455894
455896
455898
455921
455935
455970
455977
455986
455998
456060
456062
456065
456066
456070
456071
456074
456078
456080
456098
456099
456704
456706
456708
456717
456718
456835
456894
456895
456896
456902
456905
456914
456917
456919
456920
456921
457040
457041
457042
457043
457044
457048
457051
457054
457056
457059
457071
457072
457080
457084
457093
457360
457398
457593
457594
457595
457596
457597
457599
457631
457632
457634
457636
457638
457642
457655
457657
457658
457659
457660
457666
457839
457841
458239
458277
458278
458326
458358
458365
458366
458369
458467
458469
458571
458572
458578
458582
458587
458589
458590
458591
458592
458593
458594
458595
458599
458603
458613
458617
458620
458621
458645
458646
458647
458648
458649
458652
458655
458663
458664
458665
458667
458668
458669
458675
458891
458893
458897
458910
458916
458920
458921
458922
458924
458928
458929
458931
458933
458934
458937
458939
458940
458941
458942
458956
458997
459000
459082
459109
459110
459112
459116
459158
459160
459161
459167
459177
459181
459182
459185
459186
459187
459188
459189
459190
459193
459251
459253
459254
459288
459290
459311
459318
459323
459324
459327
459330
459333
459336
459346
459347
459348
459349
459352
459353
459354
459355
459364
459385
459390
459391
459393
459396
459397
459398
459401
459487
459490
459503
459774
459775
459828
459830
459832
459893
459915
459926
460042
460044
460101
460119
460141
460154
460159
460160
460166
460190
460204
460437
460442
460448
460450
460453
460456
460458
460462
460463
460470
460471
460472
460473
460476
460477
460482
460483
460698
460699
460700
460701
460702
460703
460704
460711
460718
460719
460720
460721
460723
460725
460727
460732
460737
460747
460751
460752
460753
460754
460755
460756
460982
460987
460996
461005
461095
461126
461129
461130
461139
461140
461142
461149
461186
461200
461208
461209
461210
461211
461213
461216
461219
461243
461699
461705
461717
461755
461759
461764
461768
461771
461776
461850
461851
461854
461855
461856
461857
461859
461865
461874
461877
461879
461962
461966
461967
461978
461980
461983
461990
462034
462045
462140
462141
462142
462143
462148
462153
462163
462167
462172
462198
462201
462203
462208
462386
462388
462392
462394
462399
462402
462406
462411
462647
462649
462651
462652
462656
462657
462658
462685
462687
462689
462691
462692
462693
462694
462716
462718
462720
462721
462723
462724
462726
462727
462729
462731
462732
462963
462964
462965
462966
462979
462981
462984
462986
462987
462988
462989
462990
462991
462997
462998
463037
463038
463040
463041
463042
463044
463050
463051
463054
463057
463060
463062
463065
463550
463557
463562
463584
463597
463608
463617
463632
463665
463668
463670
463673
463676
463739
463821
463855
463982
463985
464015
464022
464060
464071
464075
464095
464100
464106
464111
464112
464113
464115
464121
464127
464129
464130
464140
464143
464144
464150
464151
464153
464155
464156
464290
464294
464323
464327
464330
464331
464334
464349
464354
464359
464363
464367
464369
464372
464374
464384
464972
464974
464976
464981
464983
464992
464996
464998
464999
465001
465278
465300
465454
465455
465458
465460
465461
465590
465592
465593
465594
465596
465597
465600
465602
465681
465684
465685
465691
465693
465768
465769
465771
465885
465895
465929
465931
465936
465937
465938
465941
465942
465945
465951
465952
465958
465962
465964
465965
465966
465967
465968
465973
465974
465975
465978
465979
465981
465982
465984
466196
466545
466580
466582
466583
466584
466586
466587
466593
466636
466641
466644
466782
466794
466796
466798
466823
466840
466850
466856
466857
466861
466862
466864
466865
466869
466872
466876
466946
466953
467035
467046
467048
467050
467129
467130
467136
467141
467143
467144
467145
467146
467147
467149
467158
467160
467163
467165
467178
467211
467268
467308
467321
467323
467398
467483
467487
467494
467497
467498
467504
467999
468001
468003
468005
468012
468013
468015
468017
468019
468021
468084
468117
468120
468123
468124
468129
468130
468134
468136
468142
468144
468146
468147
468254
468258
468264
468275
468277
468300
468303
468383
468483
468484
468485
468486
468487
468488
468641
468642
468643
468645
468646
468647
468652
468657
468659
468663
468854
468856
468857
468862
468867
468962
468964
468968
468969
468970
468972
469246
469247
469249
469251
469252
469254
469255
469257
469259
469260
469261
469264
469265
469286
469326
469328
469332
469595
469597
469598
469602
469603
469611
469615
469616
469637
469707
469716
469719
469754
469788
469791
469805
469822
469823
469827
469909
469919
469966
469973
469974
469975
469976
469978
469985
469986
470000
470001
470002
470003
470010
470017
470018
470019
470023
470025
470029
470030
470038
470039
470041
470042
470043
470044
470049
470050
470315
470317
470384
470387
470389
470390
470391
470392
470396
470403
470408
470411
470413
470418
470666
470668
470676
470681
470732
470736
470743
470776
470778
470781
470874
470876
470888
470898
470902
470908
471038
471417
471482
471489
471585
471630
471640
471649
471669
471674
471679
471889
471894
471898
471910
471923
471931
471937
471942
471946
471948
471951
471957
471979
471984
471988
472066
472067
472068
472069
472070
472071
472072
472073
472076
472077
472078
472079
472080
472081
472090
472091
472167
472174
472185
472191
472216
472233
472255
472261
472262
472283
472745
472746
472748
472749
472750
472752
472754
472755
472756
472758
472760
472762
472766
472767
472769
472771
472774
472786
472847
472849
472850
472853
472854
472856
472857
472859
472865
472866
472867
472869
472870
472871
472873
472874
472875
472876
472877
472878
472879
472880
472881
472882
472883
472884
472885
472886
472887
472888
472891
472892
472893
472894
472895
472896
472897
472898
472899
472900
472901
472902
472903
472904
473768
473770
473772
473773
473775
473777
473779
473896
473897
473945
473946
473947
473948
473949
473950
473954
473966
473981
473986
473988
473989
473991
473992
473999
474003
474007
474012
474093
474094
474095
474096
474097
474098
474099
474100
474101
474102
474103
474104
474105
474106
474108
474143
474893
474894
474895
475044
475047
475052
475058
475060
475063
475066
475068
475072
475074
475075
475080
475081
475097
475100
475103
475105
475108
475110
475112
475128
475198
475218
475305
475317
475324
475326
475412
475415
475417
475419
475422
475428
475429
475435
475437
475438
475442
475443
475446
475447
475449
475450
475454
475458
475459
475509
475540
475573
475582
475724
475789
475791
475793
475812
475818
475886
475893
475895
475897
475909
475912
475913
475914
475915
475916
475917
475920
475921
475924
475929
475932
476093
476101
476113
476115
476124
476125
476127
476130
476134
476135
476139
476146
476148
476151
476153
476157
476191
476193
476292
476293
476294
476298
476300
476302
476309
476313
476316
476327
476604
476612
476615
476617
476625
476688
476866
476868
476869
476908
476913
476916
476917
476922
477017
477035
477045
477051
477052
477055
477056
477058
477095
477096
477098
477099
477101
477105
477106
477107
477108
477113
477114
477116
477118
477120
477190
477191
477192
477194
477208
477212
477306
477312
477322
477329
477342
477364
477365
477371
477372
477375
477378
477382
477383
477386
477395
477406
477407
477408
477415
477418
477514
477515
477516
477518
477519
477523
477525
477584
477585
477586
477587
477588
477625
477881
477885
477888
477890
477891
477893
477945
477949
477950
477957
477960
477965
477969
477971
477982
478007
478011
478013
478018
478022
478027
478031
478037
478040
478203
478630
478636
478637
478644
478645
478646
478647
478648
478650
478652
478658
478662
478668
478671
478673
478680
478709
478728
478741
478758
478810
478922
478943
478948
478952
478953
478960
479175
479199
479202
479203
479204
479205
479207
479209
479317
479318
479319
479320
479559
479569
479595
479596
479701
479711
479828
479834
479837
479840
479841
479842
479846
479848
479849
479850
479851
479852
479853
479854
479855
479856
480148
480149
480150
480151
480152
480153
480154
480155
480156
480157
480159
480160
480162
480163
480164
480165
480166
480169
480171
480172
480173
480177
480288
480290
480292
480348
480424
480486
480514
480570
480571
480575
480576
480577
480580
480582
480583
480642
480724
480752
480754
480757
480759
480763
481149
481151
481155
481167
481170
481176
481180
481181
481250
481254
481256
481259
481260
481263
481265
481266
481268
481269
481272
481275
481277
481278
481280
481282
481284
481286
481287
481288
481327
481328
481331
481332
481333
481334
481347
481381
481383
481387
481789
481794
482341
482375
482387
482393
482396
482538
482543
482558
482560
482567
482569
482575
482583
482681
482683
482684
482685
482689
482690
482692
482694
482701
482702
482705
482706
482707
482709
482711
482712
482715
482722
482867
482951
482953
482957
482968
482969
482978
482979
482984
482986
482992
482995
482997
483162
483163
483173
483177
483197
483198
483207
483211
483212
483213
483215
483225
483304
483308
483312
483313
483315
483317
483322
483324
483325
483326
483329
483333
483338
483340
483341
483342
483345
483348
483354
483671
483673
483676
483678
483680
483681
483928
484007
484013
484018
484024
484027
484035
484043
484044
484046
484129
484146
484149
484153
484350
484449
484459
484470
484509
484605
484606
484607
484610
484611
484612
484616
484769
484778
484780
484834
484837
484838
484875
484930
484931
484935
484938
484980
485007
485009
485010
485793
485794
485795
485796
485797
485798
485799
485844
485845
485856
485858
485899
485968
485969
485970
485971
485973
485975
485979
486000
486026
486033
486041
486042
486043
486047
486050
486051
486061
486065
486066
486067
486068
486071
486072
486073
486087
486208
486241
486246
486253
486271
486287
486288
486342
486343
486348
486357
486648
486651
486655
486690
486691
486692
486694
486696
486697
486698
486699
486701
486702
486703
486706
486708
486711
486720
486728
486762
486763
486767
486776
486780
486793
486794
486797
486802
486816
486841
486842
486857
486858
486872
486886
486887
486888
486893
486895
486896
486898
486899
486900
486902
486903
487141
487143
487189
487191
487211
487224
487229
487232
487238
487248
487250
487252
487253
487255
487257
487349
487353
487361
487363
487365
487367
487368
487374
487377
487381
487384
487393
487397
487516
487519
487523
487636
487648
487657
487660
487686
487782
487785
487787
487792
487795
487798
487803
487804
487805
487948
487950
487951
487953
487954
487955
487956
487957
487959
487960
487963
487965
487968
487970
487971
487973
488271
488273
488275
488276
488277
488429
488431
488433
488435
488436
488438
488439
488440
488555
488557
488566
488568
488572
488576
489079
489082
489557
489559
489560
489561
489562
489804
489808
489821
489822
489823
489824
489825
489826
489827
489828
489829
489833
490035
490036
490038
490039
490040
490041
490042
490043
490044
490045
490047
490048
490049
490052
490144
490247
490248
490249
490250
490251
490254
490260
490261
490263
490264
490267
490269
490271
490273
490274
490275
490276
490277
490284
490293
490297
490557
490567
490578
490647
490650
490651
490654
490705
490738
490739
490740
490741
490742
490799
490807
490940
490952
490953
490954
490958
490959
490960
491043
491046
491048
491050
491057
491059
491154
491156
491164
491204
491210
491212
491213
491215
491216
491218
491219
491224
491225
491227
491228
491231
491292
491293
491301
491302
491307
491311
491313
491395
491397
491399
491478
491479
491481
491551
491553
491635
491637
491640
491645
491648
491650
491651
491653
491654
491770
491771
491774
491775
491776
491777
491821
492109
492113
492118
492135
492136
492147
492190
492205
492242
492276
492288
492289
492290
492291
492292
492296
492297
492299
492301
492303
492305
492306
492390
492391
492396
492427
492481
492483
492522
492523
492525
492527
492529
492530
492531
492587
492635
492636
492666
492721
492724
492735
492738
492739
492740
492742
492744
492746
492748
492749
492750
492752
492753
492807
492813
492815
492835
492853
492935
492947
492950
492953
492955
492957
493072
493074
493077
493107
493113
493200
493202
493205
493212
493238
493240
493241
493245
493418
493434
493437
493442
493446
493449
493453
493454
493520
493521
493559
493565
493569
493591
493669
493715
493718
493740
493800
493802
493806
493807
493809
493826
493829
493830
493831
493837
493905
493906
493910
494055
494061
494129
494131
494217
494224
494226
494390
494391
494411
494412
494413
494423
494424
494473
